1;2017-11-18 15:34:37.048;1000;100;100;100
1;2017-11-18 15:35:57.117;1000;100;100;100
1;2017-11-18 15:36:15.616;1000;100;100;100
1;2017-11-18 15:36:29.913;1000;100;100;100
1;2017-11-18 15:37:25.967;1000;100;100;100
1;2017-11-18 15:38:19.149;1000;100;100;100
1;2017-11-18 15:38:27.08;1000;100;100;100
1;2017-11-18 15:40:51.511;1000;100;100;100
1;2017-11-18 15:40:58.372;1000;100;100;100
1;2017-11-18 15:44:45.463;1000;100;100;100
1;2017-11-18 15:46:04.489;1000;100;100;100
1;2017-11-18 15:48:06.951;1000;100;100;100
1;2017-11-18 15:48:30.447;1000;100;100;100
1;2017-11-18 15:48:44.086;1000;100;100;100
1;2017-11-18 15:49:22.915;1000;100;100;100
1;2017-11-18 15:51:18.715;1000;100;100;100
1;2017-11-18 15:52:11.192;1000;100;100;100
1;2017-11-18 15:52:22.778;1000;100;100;100
1;2017-11-18 15:54:15.445;1000;100;100;100
1;2017-11-18 15:54:45.012;1000;100;100;100
1;2017-11-18 15:56:23.248;1000;100;100;100
1;2017-11-18 15:57:39.207;1000;100;100;100
1;2017-11-18 15:57:50.744;1000;100;100;100
1;2017-11-18 16:01:16.783;1000;100;100;100
1;2017-11-18 16:01:16.783;1000;15;15;15
1;2017-11-18 16:01:23.552;1000;100;100;100
1;2017-11-18 16:01:23.552;1000;15;15;15
1;2017-11-18 16:04:16.649;1000;100;100;100
1;2017-11-18 16:04:16.649;1000;15;15;15
