5;2017-11-18 16:01:16.783;2500;200;200;200
5;2017-11-18 16:01:16.783;2500;56;56;56
5;2017-11-18 16:01:16.783;1000;123;123;123
5;2017-11-18 16:01:23.552;2500;200;200;200
5;2017-11-18 16:01:23.552;2500;56;56;56
5;2017-11-18 16:01:23.552;1000;123;123;123
5;2017-11-18 16:04:16.649;2500;200;200;200
5;2017-11-18 16:04:16.649;2500;56;56;56
5;2017-11-18 16:04:16.649;1000;123;123;123
5;2017-11-18 16:46:15.268;2500;200;200;200
5;2017-11-18 16:46:15.268;2500;56;56;56
5;2017-11-18 16:46:15.268;1000;123;123;123
5;2017-11-18 16:50:39.071;2500;200;200;200
5;2017-11-18 16:50:39.071;2500;56;56;56
5;2017-11-18 16:50:39.071;1000;123;123;123
5;2017-11-18 16:52:48.472;2500;200;200;200
5;2017-11-18 16:52:48.472;2500;56;56;56
5;2017-11-18 16:52:48.472;1000;123;123;123
5;2017-11-18 16:54:16.984;2500;200;200;200
5;2017-11-18 16:54:16.984;2500;56;56;56
5;2017-11-18 16:54:16.984;1000;123;123;123
5;2017-11-18 16:54:49.548;2500;200;200;200
5;2017-11-18 16:54:49.548;2500;56;56;56
5;2017-11-18 16:54:49.548;1000;123;123;123
5;2017-11-18 16:54:55.471;2500;200;200;200
5;2017-11-18 16:54:55.471;2500;56;56;56
5;2017-11-18 16:54:55.471;1000;123;123;123
5;2017-11-18 16:54:58.848;2500;200;200;200
5;2017-11-18 16:54:58.848;2500;56;56;56
5;2017-11-18 16:54:58.848;1000;123;123;123
5;2017-11-18 16:55:01.528;2500;200;200;200
5;2017-11-18 16:55:01.528;2500;56;56;56
5;2017-11-18 16:55:01.528;1000;123;123;123
5;2017-11-18 16:51:47.362;2500;200;200;200
5;2017-11-18 16:51:47.362;2500;56;56;56
5;2017-11-18 16:51:47.362;1000;123;123;123
5;2017-11-18 16:57:12.148;2500;200;200;200
5;2017-11-18 16:57:12.148;2500;56;56;56
5;2017-11-18 16:57:12.148;1000;123;123;123
5;2017-11-18 16:58:29.949;2500;200;200;200
5;2017-11-18 16:58:29.949;2500;56;56;56
5;2017-11-18 16:58:29.949;1000;123;123;123
5;2017-11-18 17:00:47.218;2500;200;200;200
5;2017-11-18 17:00:47.218;2500;56;56;56
5;2017-11-18 17:00:47.218;1000;123;123;123
5;2017-11-18 17:01:12.371;2500;200;200;200
5;2017-11-18 17:01:12.371;2500;56;56;56
5;2017-11-18 17:01:12.371;1000;123;123;123
5;2017-11-18 17:02:08.022;2500;200;200;200
5;2017-11-18 17:02:08.022;2500;56;56;56
5;2017-11-18 17:02:08.022;1000;123;123;123
5;2017-11-18 17:04:24.185;2500;200;200;200
5;2017-11-18 17:04:24.185;2500;56;56;56
5;2017-11-18 17:04:24.185;1000;123;123;123
5;2017-11-18 17:06:24.617;2500;200;200;200
5;2017-11-18 17:06:24.617;2500;56;56;56
5;2017-11-18 17:06:24.617;1000;123;123;123
5;2017-11-18 16:59:19.394;2500;200;200;200
5;2017-11-18 16:59:19.394;2500;56;56;56
5;2017-11-18 16:59:19.394;1000;123;123;123
5;2017-11-18 17:02:27.883;2500;200;200;200
5;2017-11-18 17:02:27.883;2500;56;56;56
5;2017-11-18 17:02:27.883;1000;123;123;123
5;2017-11-18 17:09:07.501;2500;200;200;200
5;2017-11-18 17:09:07.501;2500;56;56;56
5;2017-11-18 17:09:07.501;1000;123;123;123
5;2017-11-19 19:39:55.544;2500;200;200;200
5;2017-11-19 19:39:55.544;2500;56;56;56
5;2017-11-19 19:39:55.544;1000;123;123;123
5;2017-11-19 19:40:53.892;2500;200;200;200
5;2017-11-19 19:40:53.892;2500;56;56;56
5;2017-11-19 19:40:53.892;1000;123;123;123
5;2017-11-19 19:41:58.48;2500;200;200;200
5;2017-11-19 19:41:58.48;2500;56;56;56
5;2017-11-19 19:41:58.48;1000;123;123;123
